653469.025
-508925.486
-20434.722
231895.654
860616.936
-340135.776
117830.803
-661722.913
714759.23
-479166.58
-787818.31
299375.057
-459086.425
-593559.541
512306.378
13984.789
163800.914
-970237.949
100255.515
861967.177
513229.522
-971059.996
730564.624
-378942.354
112568.405
-640353.934
644449.579
-148297.174
254052.669
-86453.027
-958993.002
-800817.631
862569.319
159322.354
952995.423
-280177.308
736906.167
700984.526
34808.739
378915.769
-49883.294
624552.972
98887.737
997497.258
-248942.596
420685.331
361340.638
821771.371
-258412.814
784828.026
65483.856
273239.328
148559.028
-604630.706
-344256.891
-360483.124
79518.922
-763541.514
547768.908
-659954.559
-112090.442
455146.522
-480713.001
-470562.521
222270.397
479467.723
-561792.827
697201.577
-191394.442
-487456.084
21748.696
580515.87
670612.005
-908394.318
115983.8
-800512.168
184589.625
-806985.238
-750569.209
849507.075
-258146.84
-937805.483
174394.324
616949.647
287188.765
119357.084
-287138.119
629151.349
-70169.69
885322.175
-640788.872
-137124.133
34810.729
88084.073
-73298.341
208026.029
836657.531
724587.125
-244296.946
-655905.828
-962752.752
323635.552
247726.049
-179463.297
-650007.044
-699208.882
-340143.593
-424397.89
-722010.554
-670985.401
700914.815
576003.129
856078.384
-658289.656
980011.995
-403994.893
742093.906
-465056.219
-567159.252
-481806.948
884806.995
-650317.043
-688820.844
176627.306
-884590.686
319219.158
948814.481
714804.54
495784.906
154134.504
-448108.097
-566499.499
437397.426
-910009.016
866587.001
-341688.706
659074.887
855347.258
-701838.464
521549.472
-714021.98
856916.677
-963988.828
749907.306
-494138.573
-135905.518
802644.201
281828.921
-403439.269
-763448.248
876479.3
-499530.153
318719.41
-37960.392
90005.48
-472051.93
-544334.424
-192297.43
-860640.216
392624.8
210052.067
649369.474
761934.914
700758.199
-600412.835
-258138.231
761550.037
-974579.874
-905050.533
261875.315
-612619.493
772602.427
1032.668
89886.883
-848452.545
-338327.933
-376908.772
-896140.316
947254.833
862673.784
-148553.018
122910.989
766937.496
-496314.006
-226901.59
923967.321
-959666.117
-70881.004
-551639.726
747691.289
-507021.463
-110079.153
6162.835
752438.323
-66414.811
-643184.965
-820470.501
-169386.55
-221709.222
178055.911
622891.481
-137100.645
342382.44
-610895.406
-613117.535
-562318.749
-228931.327
943878.325
364116.48
999522.367
529856.58
-184117
-725741.974
621954.326
500104.707
582396.929
656240.427
-226627.473
137385.876
54435.124
-250545.434
430039.27
-956104.773
-17810.152
-873246.573
-757805.241
-698019.227
-688964.1
-164189.477
846696.669
-643678.19
464154.596
19587.059
282292.751
-118240.753
51085.31
367922.389
511944.749
951968.572
-539914.367
-275248.379
768711.69
938149.995
206469.894
-451192.822
529200.822
-202667.74
102086.82
-263591.121
-185735.766
-74693.859
-461528.455
-890654.505
-1650.044
-8351.076
-489085.614
945757.336
126002.588
-205604.78
382983.987
517272.97
-591882.878
-806767.241
-962589.942
-478212.745
987115.555
-549032.087
170776.682
323058.133
-481295.229
-887539.888
-138235.775
788380.27
593477.072
-789215.515
-27527.409
305677.594
125491.451
788936.812
-929197.432
863408.569
-749658.876
-687263.989
214358.229
143102.915
979231.108
-708029.678
130517.55
-696972.948
100754.077
878177.965
-93366.138
767530.06
207885.191
-891876.694
-931790.203
-468186.794
183379.855
-463548.281
474939.927
40301.678
-740011.431
-276159.293
-839134.833
656859.066
-787800.823
490836.011
-667459.593
938556.295
272009.239
-423359.853
-534993.931
-107631.206
981032.301
259232.564
-28246.611
-58820.809
-770537.353
994018.937
-580905.713
632469.202
323023.628
-861590.527
-622580.639
-602472.049
299385.224
739257.881
50654.172
606143.375
-972048.93
-590174.68
-632105.804
349692.277
68058.978
787332.953
-148035.763
167693.88
-974155.907
-72313.1
-599318.677
-509215.955
739682.871
432450.852
906145.001
-83335.353
481905.992
-243835.531
895729.348
-361135.301
-643334.256
872261.9
-126068.43
509979.309
-523201.567
-165985.683
821919.381
-530101.836
497102.475
-203551.74
-534040.717
-412517.051
-879722.238
-177139.002
981231.596
-851152.532
-650107.918
128845.14
567027.677
-150366.496
190949.734
-819792.297
715701.421
379276.153
-213028.655
490050.654
956026.584
346338.966
796722.341
786424.083
-742393.701
-161874.608
-175887.314
192822.839
488655.88
282703.044
337361.978
231003.898
-319648.175
-248856.386
-153460.656
679964.747
-287928.611
27520.194
935177.37
-530291.49
333857.627
-411299.976
312159.127
786824.234
782653.726
260766.895
234911.169
-108895.945
539996.662
282257.098
-432258.567
-274242.475
926899.406
83673.031
-563817.907
58026.129
718818.766
-365356.197
780943.258
-689756.731
-982209.021
-698885.199
187959.37
-100155.4
490122.398
157402.837
-245564.471
-236152.247
450293.952
312589.988
-737791.493
386116.081
-351122.435
431486.925
6285.285
-143440.401
-713622.621
959599.901
511923.105
676983.578
-672822.417
629554.078
311104.147
748358.407
-729568.636
981705.667
873833.225
129692.676
640827.579
37331.527
137775.368
-235032.45
-280594.188
-258258.012
499949.393
230024.692
-913776.836
179975.511
428807.775
118677.302
-22114.689
93522.901
-767518.063
-279345.563
163233.955
887889.916
990242.626
-685953.58
-611203.455
270826.753
-559265.931
-47729.996
504154.802
-770342.197
-885145.467
124705.937
-580260.823
621665.349
603792.242
-532689.757
-874684.119
615161.156
2086.728
-895574.507
507251.812
-145239.919
802770.446
-718298.748
222520.44
541937.945
339827.873
154175.805
-489397.889
-603052.646
-846251.637
-765691.939
-711689.432
331823.248
160435.462
-342610.975
378631.697
470805.727
-990074.145
764565.316
-88586.192
-566708.891
634744.543
780326.61
-706913.926
856426.042
-879678.54
-637209.702
178618.364
476576.572
-794922.782
517044.877
-512639.785
229934.783
-125303.078
-941221.009
-19506.911
345621.07
-312888.02
-993315.224
787666.488
-30166.246
-88588.494
-214157.719
-514757.352
-767314.129
-730533.598
-354794.877
-569676.809
190448.282
591720.675
-391951.533
744821.155
-225867.285
908244.438
-939567.431
-928851.848
-332199.25
424094.895
-113753.659
202031.701
766155.491
-682020.825
242385.944
-819762.08
275951.426
-264227.172
-376031.471
-541520.078
367037.024
-109136.487
22272.26
-633667.262
372195.009
-268850.598
-264883.358
638284.402
702302.298
-893466.229
-286916.361
-601982.977
770238.291
-354691.383
-497518.077
-339249.784
76859.859
363235.343
-316706.552
-82529.891
-18422.753
41313.542
-976536.755
-165825.623
-77888.936
-833646.527
537502.445
-161940.162
-14164.491
-351767.473
-707678.309
-293459.611
46472.545
366073.714
-538540.348
-27078.173
889448.336
29715.552
-960622.677
-594647.239
-206682.604
222145.984
-785091.189
926434.384
966714.403
-675922.122
-673954.491
403568.912
138102.781
614910.823
-785262.759
821919.498
883538.488
673530.532
-626582.376
400258.849
147653.116
-647608.507
268095.283
-483391.57
-176461.807
-809591.961
839136.029
577072.437
-915265.284
-736601.194
553877.51
870650.776
305257.215
-392741.913
-924076.584
-109446.952
-15379.661
-585762.207
-504523.646
-298471.85
-754717.475
207303.491
-748999.68
649415.114
-519889.639
903415.946
-186486.327
839270.935
659796.558
-995347.918
774935.059
-965451.74
-344587.635
-283538.092
-637430.155
-580895.125
-280589.99
622855.58
833515.042
793243.111
-281500.737
-109429.643
-322857.979
673826.919
-163078.327
528805.135
956238.824
-44567.045
-580299.208
839329.634
-43976.631
-518486.816
920151.161
-846308.027
-871263.036
395649.122
218565.517
-935873.001
653307.498
-517403.15
-26592.356
-352925.759
183782.274
-772459.782
364292.894
-46744.874
825632.152
-167145.259
-747076.836
327952.835
292050.88
-449065.616
-359947.516
-309304.032
10079.236
-903019.23
592036.313
926487.73
503940.58
-341794.161
951724.154
171594.434
979135.887
645882.78
-451974.77
475704.708
562242.088
-346833.907
367329.891
547976.787
922830.253
797028.741
255250.38
229455.676
-835627.518
810601.577
-397215.188
-633228.417
542193.33
-992913.027
432042.706
924361.767
-742737.679
-580560.711
173529.747
-338579.424
422286.381
254629.435
-172464.729
-463191.616
82999.863
-916826.78
-961937.542
-213123.222
-873306.17
303365.188
780409.892
-143793.545
552939.006
588637.203
552116.106
100345.493
-67961.159
-576965.617
-411579.123
-739467.058
131379.6
15190.17
769485.462
-962781.333
-369222.471
-184937.898
162103.098
-199354.505
-307404.836
587111.702
-493955.892
-823802.365
-511359.217
-377573.394
-120484.351
334071.061
-966281.207
-812188.455
861978.756
-324697.822
403937.827
866937.171
-636674.535
-354800.803
953924.781
-298859.61
396298.424
840873.957
-598402.878
-374111.286
645329.641
-177382.726
-85390.375
387906.475
757416.282
-901865.633
-882184.532
-808040.594
-2132.08
-6334.759
-822558.144
-781106.839
448701.072
-522076.227
-329529.329
-258123.586
-517565.438
704475.098
653645.326
-857502.673
86382.459
-782475.111
-993474.588
36441.236
-726256.93
47438.414
-495225.216
706145.075
61538.008
671706.088
555421.73
-49695.869
-440190.322
543193.098
-383598.852
742176.851
370989.62
913813.477
697934.273
167364.769
41472.384
-412088.309
-517797.72
-523483.207
442817.861
-272294.377
-351433.899
-849098.178
879521.296
576195.518
90696.263
-50957.625
263857.442
-470920.418
922078.629
37344.502
-486393.165
-730597.758
-80423.334
702937.259
-832700.557
-593267.686
394835.371
-219468.857
953827.183
57240.992
-76107.015
309318.146
-357241.985
-390744.753
-442635.93
-714133.22
-868384.969
981088.111
-453259.311
-932213.619
-531735.548
-698231.677
-107218.162
609846.021
346033.35
935865.303
-95632.992
-347814.598
828615.854
-473296.886
787622.763
-591234.546
-808850.101
-309605.252
-611364.259
-996884.963
-702104.546
-18297.587
29147.588
-490239.204
-637206.334
-450643.501
-58808.788
378299.13
-254334.07
583437.239
232268.58
976585.07
-119085.535
-69285.159
-744606.697
386152.721
668805.424
23304.426
-274461.512
51410.519
-555364.159
-934843.609
-688252.904
457917.591
479561.12
-787064.049
481795.813
304788.353
-40350.824
943098.818
-95562.71
89302.302
440590.442
-713570.811
275121.748
-204477.815
-55904.927
-579918.823
-604463.935
543476.286
-802496.688
-901047.274
210886.85
-83768.395
185845.964
-458258.473
-175065.343
-140116.391
-174038.546
158743.281
-693369.185
-991.392
-602703.472
-819900.429
-267738.945
751046.101
-460965.64
29341.973
-808375.15
-601548.992
762116.382
752897.787
-174651.525
289615.196
888095.436
916109.474
-536692.56
911521.013
994897.888
-650855.981
-508205.431
-708372.065
222686.178
304137.736
-73368.478
813113.98
-896820.646
-978619.36
526917.172
331564.288
-140952.821
-139341.302
949413.828
439769.551
525583.627
166714.89
500766.894
-171181.858
-109126.605
130947.002
-233878.016
962829.122
-940681.548
-977157.356
497826.75
-75789.739
-269992.928
633384.461
569725.1
68056.48
-290462.708
576519.515
-371654.805
-535844.174
-215498.195
-809062.176
397576.048
338003.399
293915.209
124188.067
505033.235
-871515.424
117567.152
688412.018
-801489.042
302298.881
323058.149
-235761.54
-638978.505
-219187.457
-456779.472
683760.868
185853.964
682710.788
-217570.032
-917119.568
873064.877
-196313.259
284553.332
-896904.275
-424742.966
-967357.814
458899.728
-157635.013
288124.671
-951643.995
-180756.619
126522.063
904201.041
707770.997
405296.947
-19832.831
-504438.413
-4274.073
-707567.12
815.521
-534059.925
763499.344