233487.427
49698.623
-360148.361
-871015.602
-869430.704
622848.704
-497244.448
-771431.071
-717189.676
-140938.919
587559.107
-834229.302
-693977.601
827605.452
-685536.408
-192512.834
-822663.224
364491.432
-483350.282
300066.042
463173.884
-562544.544
-185560.014
-835408.379
356722.788
-341899.413
-867846.748
-409183.25
-461917.371
81369.524
-577649.362
248094.353
407728.223
-607303.119
96056.471
-713704.919
-101484.094
-608823.205
-421756.019
343421.895
782536.035
-163532.938
585557.049
323254.116
-833035.358
-432049.285
-362038.363
-167814.385
-631946.545
-635714.431
-716378.892
545686.676
-356855.702
731018.374
702760.061
111589.084
584134.249
179239.231
191002.552
856056.663
-35081.135
-901824.092
102392.43
-564907.62
907301.261
-260629.746
-847446.031
99542.321
-36215.808
-760545.513
-16255.833
-582016.864
-682683.616
-779607.533
-903819.031
-978368.742
932020.42
639219.556
126784.495
596942.08
723498.941
353105.007
-775709.766
777892.173
302711.248
544800.163
-815925.251
414002.037
676493.993
-949617.769
-744.657
-368021.211
256307.974
-519634.771
632318.092
-25140.389
644317.029
566541.29
-215525.509
-734392.035
-710028.082
-649887.763
-918256.756
497277.879
841795.532
-172690.811
-2586.128
367223.674
-411855.791
-410043.791
-212748.673
-890602.796
-939479.011
-724158.485
-430884.737
-956090.586
-719686.405
35986.337
-982625.331
-548770.965
-317100.185
-228322.494
-292680.875
-395472.179
-283891.607
-563909.977
446858.843
10601.535
-74067.758
402840.916
-628838.321
-935961.585
-449754.624
-135593.145
-259291.301
-205033.938
597799.77
511555.054
-446445.634
-132462.046
-326332.212
921308.231
2333.674
510052.373
-961455.518
210002.511
-888927.802
-361686.891
274906.898
-846736.937
736936.434
741330.165
-971506.354
381253.583
-178574.12
513083.242
166011.629
-276978.008
-387606.494
-246847.284
-653660.772
867345.485
809888.874
-860741.83
355491.724
-371078.032
-704894.341
39897.904
-534729.336
638464.316
-376134.241
-958015.536
829973.132
241912.709
520342.52
-701100.951
-161124.096
486458.767
-557106.512
-735431.754
-412758.989
-45636.638
-529702.174
-621029.267
-765744.193
546734.55
708221.438
147407.425
475497.474
-758149.817
-810798.233
-178240.195
-502797.769
-203849.029
-732556.469
-330081.923
315881.461
-417898.246
-513533.148
845478.677
-589078.45
-137050.697
-616260.428
-400601.369
-241573.307
-352472.187
399978.281
680208.972
-833832.874
-796922.241
459825.924
264399.44
-361492.527
496518.925
-427702.986
962120.546
55786.182
-683505.695
-603502.604
-523342.096
-36393.772
64441.873
639375.481
-326169.953
-824560.983
982786.117
278160.401
507504.373
-654027.15
-798743.258
-530159.464
-49219.999
-453827.619
304634
-325083.564
715132.277
-898374.914
-15080.057
-680092.488
-950320.407
-595264.646
827340.093
-587473.885
-629098.428
893760.184
-574445.744
-81373.526
783484.377
-461375.515
-939189.993
-184429.605
-631956.994
582728.041
469427.192
-520505.358
-335835.497
-366824.812
334049.149
306649.056
-931191.201
552505.83
-829560.314
324446.554
-598460.779
-784763.454
676531.313
757204.575
-424951.196
-765219.756
-722252.499
-770728.319
764543.026
53865.308
2944.923
813304.885
-930302.926
-457058.923
-433893.914
-139002.231
-830937.814
-67003
-571710.747
243398.635
81923.518
320760.902
-616275.293
-971004.103
24362.253
979248.879
-624162.839
-37341.663
-3721.665
-829537.852
54477.674
-142513.991
-171647.905
865585.067
218668.728
469845.005
394978.901
610293.329
860462.325
22767.457
-455410.68
747102.761
193049.195
-822180.433
547496.148
-197241.852
881730.154
432779.343
-37055.436
113263.669
555154.609
892798.36
-378714.209
83967.022
345925.191
-662562.834
869392.969
-338134.392
-509552.832
-142640.583
-735460.89
-140489.069
-906536.039
-612826.03
296405.226
111619.02
142370.874
68497.081
10815.765
-227722.783
572931.568
946655.112
-413298.969
445370.446
17483.1
22374.565
8058.137
-113529.61
-597437.676
133819.062
-71894.686
-203633.187
224442.377
-67258.702
790477.528
933380.698
-767319.188
-506178.18
532899.833
421085.908
-74141.734
501772.168
953661.036
-758787.359
303589.882
851129.611
976521.662
881890.03
572497.075
776988.949
249458.244
970330.12
-388148.504
632872.197
553154.075
-987785.557
47059.358
-953187.821
-879728.902
581649.483
953682.004
376282.573
241181.333
326875.336
650544.856
-968514.801
335161.803
-320236.45
-332048.498
-751703.473
933705.506
118412.114
367877.923
-682195.655
-808281.75
-214257.877
276215.284
-465738.174
-811011.077
872461.487
-151552.771
-749901.143
-441243.638
-134736.768
409875.778
-324759.114
812792.311
-471617.462
-772997.448
274081.705
212608.729
585975.505
611675.648
-337556.286
-284304.201
-343106.185
242648.975
-3032.039
-614716.811
351409.169
242348.912
560616.005
811825.215
143563.913
-982083.209
920353.984
-455230.547
-773016.053
961226.377
706909.951
664416.064
-879536.629
-23993.814
21845.089
720135.482
-442567.325
-681038.928
-948192.498
334912.662
654819.131
782953.647
-393700.962
-314317.705
412572.308
-582551.518
559859.103
940190.087
-239413.173
805662.034
-856562.953
-186229.082
830755.368
616960.12
-18268.979
-316598.918
424706.366
585588.973
-684812.467
256460.013
-797852.381
-258044.504
-384810.916
864413.26
139398.86
808233.164
322106.57
-895129.857
-133625.319
245332.953
-525190.401
-947553.004
-435232.295
-42416.762
478015.795
768385.67
916832.224
818385.124
878337.843
-420354.766
713872.046
-30719.059
209432.898
-334810.089
188262.545
-328654.624
-663059.02
838564.297
-227893.916
-352049.385
-944534.489
-326643.702
-429967.856
785538.668
-195625.355
-533090.18
-856697.485
-51301.881
392287.933
978375.962
-719993.252
-478258.703
149012.314
-887186.081
401792.331
-342786.572
463451.71
962083.836
174491.843
524759.455
-668607.117
-475394.09
123666.74
-121321.741
-386338.069
143901.27
600373.283
122242.884
-565227.161
-146563.093
-422887.546
-89643.642
209710.754
-133556.485
666875.394
495755.915
-61815.006
95949.72
-964069.381
-850622.747
410027.18
512336.827
637112.055
593524.184
41617.303
-924264.603
984588.492
-936636.21
-565299.569
-129453.939
609459.711
45504.843
151476.108
-102699.902
658224.156
763768.263
-133110.676
-632882.444
278259.251
185974.623
-399619.229
-841140.792
-496985.651
218662.455
224056.072
-894538.155
757014.618
-672466.095
-737832.568
587203.923
389232.482
270416.461
-490236.444
-558541.809
-104318.37
484833.706
317150.448
-658367.1
203007.008
945431.064
-929232.022
698512.831
857340.393
-733443.954
128803.104
581239.097
-244552.081
594894.982
232115.314
806786.946
964553
471787.602
575037.612
951596.629
-723905.069
-957174.093
-335268.152
268831.24
357269.133
129232.555
168423.81
-988226.648
-523477.635
-320808.072
817534.568
266679.79
-835125.119
-895907.467
-432252.57
-829133.674
110278.803
901293.614
-941689.139
-544139.978
866766.372
498896.222
263176.665
958792.661
640897.402
778500.269
532049.169
-584642.87
807660.362
-701838.981
11319.459
-222604.568
204496.258
-669259.589
-168373.143
174647.293
-895758.642
-484558.378
-422940.488
-212897.2
-374442.699
963399.604
769490.072
-673702.91
471605.651
-591118.185
-165704.516
-282266.135
-100934.682
185837.447
-155547.968
614293.625
458013.08
944027.793
-666616.342
275567.637
489004.425
-847650.991
641937.851
711096.788
959075.201
-763885.915
988746.191
82091.669
49635.398
900119.305
-110723.729
-617377.831
397259.224
-69771.3
263653.372
-569136.171
19501.467
-379136.568
183365.906
882816.353
-677183.793
543666.152
-505201.62
547700.939
462104.859
-343973.355
869789.846
604640.973
32605.416
790102.166
-502755.315
203714.908
-951559.868
534512.602
-998339.949
-344940.76
810479.57
382565.503
49253.658
-563211.201
-796207.983
120510.014
752528.061
-394321.648
457310.698
716226.381
-36316.132
704764.242
722206.232
976443.047
-590869.646
836234.126
-831537.058
-839920.779
-682830.772
930519.056
-484858.365
349482.799
-688760.569
426021.157
279419.231
-612719.978
532713.732
-98411.911
-987945.863
524852.203
679781.934
622827.258
464970.502
-130573.486
-678053.381
252683.615
-820252.509
922985.615
-643047.857
941395.793
-614793.803
718365.21
84198.326
-353202.578
-559016.972
-519967.236
-563782.883
534305.288
711164.274
74917.695
-13271.528
-955561.889
519441.062
534907.106
-23067.121
-899248.969
-391409.551
-856901.806
149765.444
406843.712
749597.066
-414891.451
898626.899
-263279.938
-916235.767
-962027.714
514914.706
407918.558
241221.17
642485.135
-863063.248
-522588.97
-17010.613
494558.811
752825.054
-154472.303
932862.396
-398472.824
106024.554
761473.209
-585096.037
-157680.571
-706288.223
837354.099
-123119.415
716190.637
107322.252
-832234.797
390146.294
481533.789
291837.85
827079.044
-88316.865
367727.804
-382112.365
-682538.084
339687.3
-481642.543
-862289.436
329496.378
894036.123
275065.656
647589.091
636696.727
167217.634
-839119.836
450465.255
774773.67
-260403.152
241719.04
672449.371
125851.356
-953484.233
-808304.655
690045.54
-118807.867
-330952.17
124087.969
-375825.743
580473.706
-904350.207
-897371.818
-342334.191
178717.33
599882.377
175378.036
152246.663
-23801.928
292925.428
317808.018
-779112.799
-204239.174
-806655.078
-586980.989
-501191.121
488092.353
934462.657
632758.76
-746417.277
-895071.27
-464311.025
440403.686
892651.095
-483927.719
112618.504
117042.604
-317119.755
901826.422
833746.983
687232.925
79533.271
-537207.984
958439.421
657852.431
945146.522
202202.012
32325.004
-599873.976
-761680.922
793862.052
-788474.828
-692255.771
450682.288
463668.858
708391.391
-789351.349
-141517.716
799727.814
162077.933
54335.822
499009.294
221149.122
274722.219
492065.55
300533.469
383170.524
508878.192
-190263.965
-162759.589
-825894.808
354700.759
-214658.767
-784709.973
-189019.149
540776.696
716727.608
76781.175
700186.86
172254.509
643194.822
-496647.831
228056.445
-229582.37
-987355.711
520278.127
518295.766
406062.055
185213.542
-201925.693
543130.208
966340.385
658453.206
-960466.106
-78132.953
-229932.053
618426.048
-553442.34
12693.755
-214203.391
-48160.645
-171947.132
-844853.159
64190.852
831386.195
367541.743
946245.607
652866.726
263007.055
792127.989
241012.3
98289.72
973101.123
-103807.924
-212779.542
450220.272
-706808.335
252817.449
-993077.631
198243.91
798519.253
-826125.524
446587.869
-817242.928
399259.595
-884268.363
133225.721
-16216.544
781973.132
-187635.185
-264123.71
-1996.213
141919.065
850545.884
-555044.109
968930.52
-149082.743
73001.17
674181.385
-960503.548
712302.931
-632229.104
-836927.92
-713579.625
-356984.524
-539348.293
140407.556
-84793.361
590392.157
482383.016
-794479.508
-486184.144
693516.377
811592.697
695113.398
-358148.235
-375289.257
704203.792
494442.026
229124.3
56238.328
-883454.542
180254.488
-881778.338
-425849.958
313001.378
-91049.055
110780.793
263060.894
-240876.125
132864.313
936090.715
931164.639
88911.663
421576.688
815596.781
875756.902
736490.911
-745038.019
-874728.934
418178.206
-940663.664
312913.442
-531357.15
-932086.562
380986.813
-639078.239
-91641.208
-898966.947
366018.972
-749414.084
-510770.634
969509.813
-22379.935
567753.145
-601804.846
-222593.403
-568542.385
495856.505
-582365.575
-712148.027
-51110.408
-336916.015
-504590.354
-337646.664
300899.22
398808.54
182234.648
-92728.301
80716.708
-723219.666
-416822.46
645744.26
-497105.397
785673.967
-528888.799
593314.427
8775.106
-202898.937
-624599.733
95785.583
257644.68
-253186.357
-8025.287
936071.357
596230.572
-37592.351
-47801.779
-475901.304
-431616.915
-44933.213
314637.567
221223.666
374394.324
500903.118
-827051.526
935241.015
-90559.82
262054.475
-908486.874
-920458.406
-572150.656
153466.865
-211866.914
-649559.77
885427.171
-903907.819
135225.635
-976278.635
986667.495
16425.013
-767866.997
720920.388
635346.19
209957.979
-496550.31
-460135.311
-976610.653
687885.195
742253.071
-86563.241
-15064.279
-217614.786
477085.031
66772.775
901084.37
952073.279
-418210.413
-407834.775
-849232.894
241981.93
-51381.36
-963838.843
426075.886
640879.244
181698.549
292011.947
-92076.236
-861907.064
30904.746
649687.351
865981.994
-719328.375
-785565.654
-966881.696
-650355.768
849900.905
-882551.239
157748.811
216801.406
-860133.858
241333.981
305163.182
605496.873
-218156.324
-835717.026
-555239.847
-133336.958
-314146.279
662209.732
-20838.024
-384558.462
-953848.311
-462351.307
902983.593
901057.784
593821.478
-891430.331
-171449.74
-709815.202
889008.461
378193.949
-132262.902
-891310.734
-448237.147
881356.176
-301349.417
726070.275
-199514.654
-788573.591
112396.467
-951130.253
-411952.552
-499142.635
-685766.426
-797802.581
-671336.625
-266966.479
-307988.361
530144.638
-388068.127
-12036.789
830704.892
784840.212
814804.053
-504002.762
-898901.735
-316540.386
578962.462
127304.328
497674.441
237284.349
-628703.581
343238.14
-896154.514
727108.355
-657453.303
-303975.895
-568163.807
132163.047
-576665.504
-580519.777
994285.104
317366.453
250876.419
290465.994
904415.122
-940372.153
595271.163
649066.233
484290.751
138802.766
-634845.493
206308.638
386627.918
-383954.669
632347.866
194162.375
-881583.386
564779.848
34216.705
844842.821
512117.306
649319.171
-258606.601
-863108.489
263623.937
303620.598
-957784.651
271056.891
635122.648
-178995.107
-363022.586
518763.537
140514.376
168169.206
849130.37
111828.796
210989.708
263103.892
580743.299
-350897.021
847409.596
682928.421
-912345.611
-597847.733
298151.879
-349557.692
-315054.503
723902.904
246434.469
-531108.738
-935401.041
428532.722
719236.466
-673221.526
411558.451
-528585.045
561850.145
495952.432
-122956.745
-93446.319
-97085.841
632699.929
-363336.815
32151.704
100945.556
-301767.75
-592570.81
-656895.572
498345.763
819168.446
-449399.455
836609.905
-999779.063
-949239.748
864107.11
185476.899
321950.153
790713.038
-711664.817
-940655.047
-147247.48
-788291.11
-871552.134
-964137.062
795387.016
931233.904
-706855.484
432805.156
-330576.234
-224108.098
765159.092
500054.421
308787.948
-727315.361
183620.709
-371447.827
739060.426
7104.887
-454964.85
628483.077
-679603.401
280144.537
556621.386
439647.642
-500177.323
-525560.92
675215.762
545202.943
-983787.043
-705527.095
173206.733
72195.346
431067.862
928309.151
-357789.736
877502.52
9118.351
589559.013
-459780.44
700854.383
990762.325
378813.884
947827.272
569474.103
348693.994
-25047.756
-425184.822
580998.181
-412499.002
-417874.385
-200183.772
-772517.635
212888.927
474258.477
903312.165
573737.27
-525318.617
-386321.132
-482763.961
-774911.388
-32928.671
43771.24
-410179.208
678298.973
-217295.414
-513957.131
-834281.609
-552374.107
-178592.856
784793.068
-277313.752
-864469.132
870620.402
571016.125
91053.886
824789.922
-844993.008
750666.643
7818.091
-218345.637
-815547.24
46537.39
-330091.052
-753248.021
-736518.76
615104.899
-859953.881
-203388.756
568219.361
788980.791
762747.31
-801478.749
-70984.946
-191062.92
245552.195
-706948.074
723586.893
774439.836
291515.018
-236322.604
679914.731
-225912.372
527794.234
651630.986
572706.902
716321.887
-246210.945
-406541.601
-32359.287
-221232.336
937098.011
-160414.697
-426908.055
-655836.569
169886.813
-329820.651
550614.839
316803.987
-693218.163
970986.474
-634790.907
-632385.971
-180160.424
-283993.695
207199.97
338218.311
197056.212
171120.561
-711742.602
155171.665
249932.089
-998837.46
305591.636
-877726.159
628368.967
-607504.385
299519.125
-797349.56
-965622.489
239319.447
149934.54
-418619.566
-462820.145
17393.243
989010.863
-741989.764
606349.008
-30553.922
-502231.704
126124.579
-816233.702
-911984.551
-912799.575
883535.372
962112.129
376046.781
883338.863
772558.365
-258786.607
-787376.963
466399.191
-498540.907
-16916.627
898818.209
-64620.739
-26947.982
181734.469
485065.063
-708881.367
-439950.976
750553.015
-873556.92
354196.635
-681616.644
887715.209
-825135.277
-877733.014
-446120.174
-250662.544
-667073.917
105056.517
180568.741
290471.97
666205.86
498812.392
894001.15
680605.794
64742.488
220262.471
373601.611
867475
-559488.422
-366970.175
203820.455
703507.201
728614
-984875.434
634508.861
316626.661
-715638.55
449241.926
-76231.26
-797430.554
75416.064
-579401.1
842384.182
-463705.396
202027.133
741272.453
-100019.168
10845.941
24474.488
482364.357
325071.714
421426.209
-258288.56
-68779.085
8680.024
656760.686
-89650.525
786864.583
-856326.697
494198.629
764965.606
301324.36
294215.652
365489.406
-35886.422
-54492.79
497552.81
-450748.8
755466.246
48570.425
-300110.758
-854351.33
-653463.029
-148951.931
-40142.243
38045.305
-989835.501
-120388.041
-100431.439
731007.544
137243.091
-989461.35
-211843.74
276513.523
702606.229
8503.433
-976644.671
903091.059
480228.733
-927114.897
841838.926
738822.993
699634.296
415079.283
447015.008
269481.821
341079.161
71740.986
38038.647
-638798.919
895024.859
142914.607
726697.622
988570.379
-232725.082
1981.285
412716.708
-138780.509
-470759.964
-105860.144
-24852.919
-701927.624
-816809.82
528057.563
407696.337
619371.348
-488572.782
906681.175
619497.651
234531.272
-274653.916
-997273.026
-896640.463
613127.413
-269737.812
759511.577
-320475.121
538564.789
162816.054
973151.129
-109100.079
-74914.462
67253.959
303243.004
201792.173
-507187.605
521102.999
565066.388
-230811.975
36498.113
466825.095
83148.41
431590.444
-853422.121
-553278.539
-914834.945
924671.119
-84265.342
-977782.367
-446341.707
-617741.953
-598107.989
24948.717
150887.045
-732845.736
-697285.272
936336.744
424629.308
-919843.842
-62506.486
-646327.182
-371903.409
-224658.223
-531759.254
694410.682
650491.044
471649.818
-604703.578
-180852.914
236646.596
66814.063
-57509.558
-694850.721
-959145.223
-293115.981
-218789.521
135656.037
753668.564
126996.727
81211.323
-463786.037
981914.33
633934.118
-288058.719
518930.787
973495.817
-26134.191
624567.345
420690.066
396933.981
-898485.173
-314731.38
-247393.076
853845.323
827008.341
774097.181
-228526.972
-885037.527
977200.882
842740.559
637397.952
332739.727
-896243.224
-644657.483
939540.111
-784130.858
-720018.208
-768004.621
853268.343
-158172.94
-13867.862
851248.019
-809720.149
702460.57
566260.347
-822942.489
754327.594
-12776.009
922767.737
390850.837
-476954.215
422249.145
965155.377
814693.128
-450994.412
-291507.493
-620315.272
960488.454
-133568.61
-211416.735
-108765.729
478283.804
-710085.174
-814587.698
-35400.799
178797.001
349653.305
-856524.668
3744.422
-793886.535
-440803.798
-697493.677
-193833.345
54132.886
879159.467
658595.951
-547020.647
-15781.453
-201545.069
87731.258
-903719.692
449933.111
903059.31
-287023.767
-161541.28
11846.708
-885582.473
860244.365
787252.43
-118757.373
165973.188
384333.451
-521297.908
877314.445
858950.169
47393.229
870754.604
184084.414
-900119.673
-845874.897
446225.083
-917192.548
187693.875
-643420.995
-98479.324
363279.567
829827.598
-32152.355
-984833.106
-371719.082
755857.633
768326.598
-700857.367
-468656.897
7418.128
-577003.491
-261479.877
967364.449
255652.195
805890.02
-841981.333
651104.242
537622.217
-566493.957
509602.594
-999631.414
483101.246
-959364.48
-700965.018
-170084.408
962763.957
-666024.748
606761.243
7987.356
402661.561
-876407.805
-5256.233
648621.95
888188.926
144547.627
754495.743
-497085.749
-156424.411
202434.944
-815971.876
-869366.736
-831549.865
131909.748
91425.433
-820888.03
231738.568
-112026.458
250066.351
-348380.682
293954.93
-707381.29
194296.382
600644.932
-164395.989
-549581.617
-598.151
58514.06
801086.692
-263882.101
124300.531
-824480.109
-999823.427
-461455.745
-721530.341
-856235.872
485689.059
-477074.162
809999.491
-841865.136
720980.212
-9518.453
919061.742
198265.331
605355.89
133487.408
-456013.417
972462.454
-933659.627
-42877.065
753637.927
-558576.433
-474436.138
726954.615
-150847.447
-179920.948
-507570.45
574379.115
-263576.827
27664.919
354090.08
-169752.534
989466.959
256752.301
83996.494
246766.259
769847.624
862043.041
-387397.704
-793026.035
358234.161
-703866.638
-428127.26
578292.764
733934.729
-184461.952
-354027.771
723168.588
318373.478
529740.743
939338.344
-488808.995
-166627.448
552467.329
881810.036
557592.14
-474134.813
-405993.752
-47682.413
474174.866
-499240.99
586469.225
-7313.978
283474.222
-703454.019
-619961.097
-306223.797
-943229.333
-165759.275
-462390.384
383316.665
-104964.607
463249.796
-376841.42
-154712.535
-260136.488
479524.031
-48885.202
835256.858
-11438.863
-149662.978
93803.076
936958.335
-413126.423
505839.464
468368.814
-735563.909
187928.202
332454.699
-159883.893
-481763.717
428212.314
928416.731
-141288.476
127819.549
813494.702
-28544.184
-177405.36
-824563.739
754583.269
-535863.923
-164671.256
-448233.344
-352328.421
-346074.514
-391274.885
521839.005
-215374.012
807.321
-673053.311
448882.595
-245903.268
-992096.937
-33678.03
-462232.055
847147.9
783006.739
98375.444
231626.024
-648892.822
-209413.331
666710.523
-895492.139
-368353.955
-463242.507
-8628.269
-535778.283
-99723.527
172329.394
-966126.709
206543.93
-489807.636
-8988.464
737475.129
-82837.144
-282234.683
29778.165
175380.303
622755.969
396442.156
646531.507
-991708.426
-160760.469
252331.207
979632.667
-623598.951
653106.48
-139017.212
534820.909
-320559.982
-432530.677
-547825.776
491421.654
350755.256
176018.838
-691103.907
265035.645
864508.25
284060.697
732369.802
820512.907
-882470.552
-56093.306
-346389.975
627051.826
-762569.758
850717.815
-881798.746
-106026.752
-205868.919
799073.274
606374.575
-182331.022
595831.492
-636512.866
-13585.183
-376629.562
245819.732
-741848.482
752585.976
-866006.419
124641.536
839285.245
275881.715
-379659.884
473868.922
349150.747
-827873.701
-786311.237
506452.513
-361051.669
174776.561
-51881.612
298229.524
41178.549
417517.802
439401.276
-713647.803
943235.014
351645.575
549897.57
444535.452
168714.265
-905773.847
-292658.863
-427703.589
773615.823
287319.674
-725193.168
564697.578
-316233.459
-526788.798
599573.53
136581.273
-82728.825
873289.119
16268.038
-791164.525
-50956.516
518008.383
128379.147
368030.307
-760637.729
-354747.799
-5191.04
121368.559
-314110.6
16821.469
678071.502
-783210.204
486378.062
12563.739
779424.157
-358451.363
-184455.278
114813.258
317444.636
424980.06
-956286.643
-971786.573
862737.634
-23995.741
968358.138
-843352.896
-911572.243
-886354.668
461272.179
212883.993
-115178.032
-551945.967
374376.99
-87251.214
-783319.056
-650556.978
749399.879
59152.95
111211.261
-933482.407
-242496.753
490303.955
-942277.468
-220917.26
-268267.101
-941495.127
284405.707
259854.319
-873787.86
718357.662
878648.337
-412887.245
952256.503
22789.046
17264.36
675862.274
-433419.917
-172757.395
250108.363
-690446.155
356014.291
-859341.718
862708.645
970322.371
-976222.022
-107740.032
-187026.239
-823573.578
-659703.175
741563.532
726442.137
144604.579
-733906.168
544901.242
315536.812
-710885.457
764397.484
926705.646
442784.712
-90074.838
-750086.734
225807.182
-449889.238
-840979.622
-135065.022
955547.929
-136061.197
283944.89
-836383.613
-621648.43
-174529.957
837631.631
31838.9
890902.189
-408069.315
-542086.717
-83988.901
-175652.23
-64424.653
316797.188
631311.193
351628.502
-525510.012
130716.325
-826653.069
889539.591
376505.218
-437854.523
-365971.41
-330981.192
27841.932
84276.048
-973134.031
160380.629
-168087.962
-500639.02
611720.946
542631.914
281295.463
-632463.144
-476350.836
-592426.695
326412.17
822407.116
-924973.181
579060.833
871385.139
413826.601
561595.347
920518.285
130018.147
-167369.351
342475.967
-386687.622
-365001.511
-4862.695
509665.473
974998.059
-486307.029
-343562.148
-632690.613
-821868.079
-444798.59
891835.991
-574101.688
-618186.008
223383.571
-599095.912
-963832.696
-195181.056
748216.566
-118660.741
-808960.028
-835956.696
78729.04
-816214.195
849603.52
-840209.261
-314815.835
-282449.7
549127.29
91200.134
-904177.366
425293.253
199055.943
566430.784
-844324.766
833176.421
-748959.577
-980289.988
-123784.704
-926774.386
-111083.499
-109978.429
-573560.425
-547635.914
672625.744
-318991.251
-386520.192
-64865.725
-31144.316
-390810.186
224607.629
-35109.122
154436.936
346937.958
-666547.04
-566750.838
-708055.682
3052.848
319041.027
-927309.72
502013.059
743436.834
-792545.552
146700.464
146226.193
-20436.886
-240703.211
-622265.059
-571038.627
456706.938
36106.594
-151582.641
197899.924
171219.677
-263698.263
-791090.29
-200226.655
155512.317
227578.737
-80462.579
766595.373
-772400.965
878481.879
-697266.627
-260515.086
-438334.405
-780309.672
830542.968
125206.327
566010.88
52458.017
-709541.459
-221795.38
695652.395
-557579.158
172952.286
499640.719
815447.988
-379885.412
-547560.305
-78729.15
293901.899
843293.245
-770226.163
-987814.673
-392040.654
511489.523
743879.396
-141231.668
97410.499
792813.067
233694.305
673197.432
-274921.873
-483650.02
-213858.252
472436.572
-806369.841
662605.39
-253965.002
-285125.777
42039.038
532450.939
482172.725
-828272.957
629850.5
-152907.929
-426031.361
609420.28
416997.956
39988.755
437528.737
-975636.901
422772.42
-94305.568
-94357.321
958026.404
87105.276
-542842.795
43397.495
13364.689
455461.679
556655.881
229690.522
-258580.919
-449645.871
238639.241
-91716.844
492603.859
371735.667
419224.655
728408.76
556803.152
-612575.729
405862.634
-374136.013
241605.398
-903561.172
-721474.721
325668.222
-96473.7
-54673.52
303911.846
792409.713
-150989.489
-143664.147
-139492.885
463198.357
948375.266
899734.185
892595.045
918712.129
-357301.871
-638263.097
-932470.69
-460693.982
669278.763
518847.781
-651.501
-705024.339
-871034.076
-553732.145
570504.636
-781538.505
-890794.546
-363409.691
-362790.334
978419.779
992070.036
-739940.373
906774.562
-710030.094
861229.24
-298304.183
-821855.633
484050.739
474805.139
-841351.966
-73622.735
30995.34
-948845.159
-556026.997
926504.322
-444714.271
-923013.994
-329990.123
-447070.574
-862554.548
-135250.991
846178.431
-757396.789
-269032.316
-340107.658
-440434.383
349411.904
-148677.938
887880.372
-517444.461
106432.499
-990911.557
-92524.059
-60347.068
-272311.612
-813805.771
-726594.113
504158.487
149867.163
803743.77
35514.341
-880649.227
1793.634
881997.943
-826057.339
-673614.309
-365445.511
775999.929
-160746.372
923321.126
29722.957
538059.161
-165868.478
364498.378
181415.397
-688672.514
293705.007
369016.69
-937038.658
-2193.249
858712.579
84895.634
-848152.052
811415.075
-556255.627
433604.815
24069.321
-579005.955
39354.373
-250355.498
-494645.452
-949234.701
-13387.627
-772063.161
862157
-812157.65
796358.604
-303018.655
169264.594
-869135.801
764490.605
-968827.498
-556742.465
345875.165
193446.648
-741162.757
-819672.422
713392.24
-788225.45
175250.849
975628.005
581848.533
-343412.069
976584.05
353158.24
-816667.252
-116378.833
948341.756
-534229.588
637959.26
-818657.163
725744.272
-339685.292
-741082.034
109008.543
572659.11
706094.175
-73246.384
-355458.499
-925706.344
-816636.968
-393113.059
-187554.779
-633185.621
895732.816
390283.687
-120199.155
395312.179
912565.998
830127.399
-1944.213
-893441.535
-589072.4
-193789.871
40268.383
-402437.763
-671257.999
-684630.56
425697.256
-789740.916
-699527.373
-700762.008
-216096.308
-960901.194
692004.615
566843.291
-79554.225
-846590.594
439770.19
-3043.692
538329.604
195074.591
943216.716
-720594.013
-117603.687
-932263.051
482115.691
-696514.23
-561406.222
529659.716
-690630.231
-49282.881
821658.543
856411.573
-148942.612
-534584.587
-667165.401
-655007.544
-529765.79
684474.177
-368535.582
-625450.931
-656167.907
-590925.88
-863022.557
692742.345
-913876.114
-546455.881
-616265.774
871860.002
409639.697
436644.536
-61504.01
-832594.906
-200480.451
-450408.409
700773.233
811712.138
-264479.786
-290186.909
514582.579
-959415.527
-136590.084
-254514.883
561297.646
509379.47
-132550.618
-480384.129
-482669.726
924810.878
-300408.38
724885.094
-573209.357
-28126.815
764166.038
-839633.814
-725507.06
-566449.88
-608833.516
-883570.422
-99004.671
251585.451
247275.186
-742036.314
657659.391
729230.203
886996.263
479227.562
125851.74
162378.246
-687937.704
-604948.638
-24435.183
177708.113
-588919.67
-649928.198
497158.684
256202.507
-769855.259
-661086.657
307242.29
-336775.816
650488.646
-402142.097
409780.305
969542.985
535519.254
400917.66
278971.155
777741.182
528827.551
-17704.877
-580583.442
-974000.622
607622.142
-938716.224
-682175.425
-900742.974
451644.329
37349.032
-377569.092
-229271.254
694951.525
-115939.428
-636784.189
492776.364
-326339.774
-938766.257
771889.853
550416.741
-826281.024
847688.016
-134975.772
352635.189
575780.401
947894.005
-12742.923
-144840.976
-952277.641
113345.599
239537.737
195752.51
-807843.179
521150.652
-806377.468
812718.2
884085.18
-430979.414
-309512.405
408520.137
-616529.02
727690.491
867788.709
-988907.528
-854068.282
745370.102
386998.769
566063.082
-188632.46
-277461.063
435874.593
361604.279
-981811.259
977002.219
264559.595
-844929.86
-436698.919
635048.518
538723.794
-398065.008
120106.226
-831351.318
183717.978
375960.635
462619.927
396201.068
-85979.583
114160.606
-402370.283
-177692.969
772276.588
378983.553
147957.504
-433514.019
-105761.372
-577003.467
417152.153
168917.677
925197.801
922438.284
-515500.726
962087.44
-929102.231
404715.599
456347.466
-168736.126
-773073.959
855833.436
-67411.296
155749.091
-262776.678
552947.532
858276.953
323372.724
-702117.351
-694803.081
-584138.583
-832315.677
950543.845
919338.965
-342085.518
-767015.52
83841.506
881302.692
-298681.941
844147.716
201126.806
989951.978
-836031.329
2491.335
769622.913
491666.045
896460.458
-874720.487
-273803.057
465175.144
-238645.906
-360750.784
-424971.944
867002.24
719942.923
-747255.07
-582256.13
-380770.122
667081.043
978883.124
839310.113
-58662.789
590605.818
-563565.131
-996083.739
-654914.354
-862082.901
297585.155
-972709.249
87284.608
-540435.625
-707413.058
916446.189
378519.386
-183765.846
-553386.24
-102860.179
-969035.32
-514706.776
116042.304
-173760.927
888518.831
591750.461
-657363.16
-900918.025
-67458.793
-136100.272
876715.163
-958154.772
375754.421
-938846.66
-77833.949
610305.488
927930.905
-979378.646
416748.346
-949189.974
-980290.486
323599.262
655039.422
45160.77
-160066.309
165968.056
749211.273
931076.839
-436305.433
753499.12
501856.186
937437.258
149658.118
-571031.017
-222431.952
473839.501
-940542.019
130229.514
444818.064
290279.759
-238004.33
306352.47
402292.6
594784.461
369739.011
-695923.264
-304549.738
986105.086
127369.694
-794044.625
-414544.88
-557263.277
-49845.208
-995031.057
-350551.566
739268.673
832572.318
-846139.156
-384817.906
994583.281
141199.384
237268.436
-410232.239
608669.066
-524030.035
988628.402
391928.777
-333459.115
-312084.02
-856909.246
-973158.53
-309610.775
493755.076
-369806.595
184170.358
-377336.136
-952427.896
-13132.043
-302496.641
162357.021
374913.069
895024.011
-810293.848
-98772.621
-438960.511
370891.478
81347.796
698133.227
-420216.537
21074.312
-490631.472
-360861.671
716527.174
-439527.082
135128.272
279615.511
893749.178
-296231.974
288691.055
97406.256
-689890.609
-653096.788
-714128.927
-790758.593
950027.652
154298.172
-818666.58
793175.311
-867052.105
252283.414
777594.643
551190.262
162440.227
-530939.238
-489724.895
-571969.916
-920482.518
-932069.014
-75836.55
501823.603
317944.317
-260242.412
-387746.401
-677240.08
-389013.252
-341266.584
-106616.162
-132397.584
712491.22
-209024.473
-811298.692
-55237.049
115870.221
11536.232
758986.218
248258.829
93549.241
204501.046
972047.789
-952388.674
180959.565
-544451.077
-322299.484
-674795.801
859165.805
167855.1
122363.082
-389192.979
-214039.41
762434.195
-897894.256
432669.248
-139643.948
-193201.127
207055.616
-939009.422
-884434.086
-160215.525
-620334.546
684101.951
-11931.753
-161469.993
-30568.025
-849870.678
-819058.545
982960.218
448216.755
-551065.804
-529077.593
212366.013
835921.36
-271836.239
204754.395
903883.268
549733.803
-726141.193
235209.58
23864.327
-36830.807
-493061.847
-938335.124
274362.777
-405651.352
566715.039
-184558.409
271380.427
147224.031
-931876.606
-686909.271
-419582.267
-259214.822
768324.367
271286.754
409064.044
103259.47
-425527.467
934494.543
234721.214
747972.42
-220107.762
772367.566
-198015.713
-465923.846
716930.622
-340664.674
265315.099
-44662.342
-892544.547
-440512.374
827900.801
-204242.993
-648511.022
715256.112
-886508.47
-182918.134
-338006.449
-324839.731
-219345.479
483478.976
-374774.21
-883682.278
-577570.817
-606627.931
-592589.81
615881.868
1650.925
-516749.752
122254.18
526972.399
-996057.201
606869.711
168209.159
-679502.859
-535392.635
-355449.616
374635.642
-765623.834
546766.389
177759.719
749268.901
-565560.7
631431.632
517505.204
16713.277
-159398.277
607124.601
-929388.598
-198363.63
502118.274
-615341.522
-634795.934
-183237.68
210536.686
171655.036
271512.67
-105878.765
-848344.382
-455586.638
-833613.333
-639721.037
-614540.091
-41962.29
-824026.259
-412768.328
-851533.578
-924399.3
-754440.302
304776.357
65091.178
-149570.641
405895.791
-753819.763
-802548.24
24805.194
570400.554
47754.478
-55639.93
-824516.08
644071.993
-514380.937
-605906.28
216529.749
-658063.241
-313792.708
572409.799
-251916.229
-72399.169
839456.262
710059.232
-226276.321
304189.711
-927995.968
929584.348
114972.22
-66550.956
-790891.197
-531527.439
517906.639
-312865.095
-480678.119
-904138.541
718132.159
-322090.982
-789773.323
135798.899
-623513.285
-881779.031
478434.922
-459597.834
538462.457
756066.174
-336673.87
-116291.816
566272.242
183511.3
673126.825
-768109.95
-770439.425
154632.705
692047.676
765719.095
82779.81
722103.049
785886.215
-973216.24
-523158.108
-119985.269
-334657.169
-227836.781
985685.06
-140903.248
823760.147
226260.923
347753.488
-878620.327
-508015.009
-745612.366
-314475.229
120729.916
787850.436
767529.377
-249593.639
538661.784
533365.34
165429.255
791129.757
-366022.541
235032.101
405424.234
966014.108
-110876.03
-408126.651
793280.333
-283085.594
230371.746
624423.513
-881268.176
-782041.822
-526174.269
-587121.945
-648372.377
-683563.186
-11409.407
-874650.652
53245.522
120848.441
918460.842
-839475.052
677627.615
-880280.303
-924637.124
-370075.622
462645.026
786381.02
182112.642
48802.128
-376769.216
447677.24
707382.72
-762325.647
957156.716
-39850.088
-219044.95
277458.603
-8355.44
180187.056
-893642.69
-824419.129
-334748.195
-316093.425
748054.234
108502.87
-304065.217
-538406.864
734907.802
938265.351
177886.651
-563182.509
768443.409
-44631.317
256212.526
-643262.871
-264569.324
-934580.211
859947.138
-654702.713
862219.852
-3136.219
-768047.44
11692.02
540704.277
596837.789
796590.31
742101.423
-461565.137
667866.781
-360849.44
-198741.464
234279.076
-675408.405
949691.607
989782.854
385816.029
367546.053
751438.855
93010.609
388497.318
-668924.078
-191435.102
214994.869
234993.312
-807244.989
-9967.811
856244.932
19625.919
824900.276
700237.679
272411.006
989519.959
399356.35
-683157.588
-970764.257
-904777.014
19557.607
-832090.948
-243107.089
879463.32
-346197.9
-23290.427
-478634.257
-529239.651
867582.934
759614.038
-955627.431
373694.728
-309865.011
-769926.329
504244.214
742497.208
781226.87
-286533.736
-998675.651
798720.536
-204006.787
-718346.201
-789363.061
-719174.358
-528324.599
-287431.891
317291.215
127421.234
-661534.053
468384.028
706244.777
541245.603
-426677.484
350247.891
-206596.494
-825559.647
829868.937
555077.131
-844126.643
745632.182
272248.848
-948143.606
559877.012
700575.613
700691.648
-395216.631
-219981.917
47526.517
-395165.286
-705242.173
777376.543
-978678.043
343127.32
-419780.52
51267.482
106861.175
-132776.406
-818512.926
-775784.399
-466346.19
790312.467
-840269.159
528397.369
-264643.064
-891387.567
-371674.296
-242029.372
623553.513
270573.628
-648086.249
-173545.623
205671.041
361869.661
-836309.164
293771.773
987421.348
-367862.214
251652.731
235233.41
-640451.178
-801812.73
-42397.665
715400.152
107129.854
104645.933
476529.535
334704.305
-691552.116
444856.455
147950.185
20532.765
-590563.74
49019.859
616009.352
-820429.476
-292405.407
543669.335
470176.73
788068.68
-122031.174
214733.377
614492.213
844781.81
575264.196
807872
967871.149
-634584.618
-824854.669
-820838.17
245561.987
-375388.676
-935866.631
500383.027
701608.198
-40368.703
-640181.172
697371.376
-798239.009
-709297.205
937536.185
710609.92
691882.367
-924406.756
-644662.384
-924770.313
561808.321
-823622.978
133635.581
820770.605
869857.929
-478769
-427788.76
125763.323
-580.394
-570012.129
17560.194
-921933.237
714901.999
-849998.533
-995141.797
333495.551
615552.281
127396.811
475840.064
578495.956
38373.696
858935.27
953907.15
-990128.734
-289297.907
-930424.374
-30088.382
617193.397
-725510.702
-260074.211
-151270.374
900228.919
-543634.26
-189292.984
934891.334
-633794.562
-856004.049
-934434.365
-963562.222
585960.813
934918.694
-175094.525
-637503.937
815245.554
137721.143
-755177.164
-251929.088
224049.058
-374702.316
423166.389
-663526.821
-795451.277
-646652.434
-879338.212
402366.774
92794.708
596471.537
-111009.07
-700680.826
257689.23
-839695.556
47434.377
59352.418
131172.554
-754534.237
-989980.803
715476.697
-873319.914
-40526.702
591349.752
-933969.087
775622.637
-775461.443
995079.995
803236.489
282253.68
454324.954
-922415.473
-582692.498
-519517.898
-558255.627
-735825.266
431195.183
-1848.004
123695.917
-191035.129
-648890.074
-748403.449
697090.11
602999.02
-763428.678
-77344.74
772605.072
-463027.283
418189.783
-967784.892
-191390.077
815795.79
-832198.397
135948.53
752890.68
497676.326
-270601.27
-460208.975
-967216.704
420453.061
-362111.36
-888024.112
-208375.638
-870078.21
-226922.967
253966.051
887145.091
-575763.368
-8983.678
299635.156
-308396.935
-338698.944
120845.44
-937698.874
954416.382
-128287.418
227972.515
414959.497
114349.997
-527260.297
-701915.603
-546654.432
-313613.344
-30730.231
-522026.756
562517.294
-959388.032
-754603.428
696283.522
-526166.921
-492067.184
-927928.101
259623.029
-706518.995
687978.354
916225.918
806564.996
-309856.823
245691.568
-777090.106
500164.095
196537.321
-957684.193
300223.166
188008.125
-613150.82
-174033.463
397082.548
232786.96
530114.633
-67172.489
116618.926
478653.018
151626.021
422787.57
-563446.504
-835786.343
593108.551
22743.788
990834.646
-712187.446
-576806.564
-466409.126
-624304.948
-513696.84
-628926.485
-863926.649
-630141.242
-296073.82
-416977.584
-729682.16
334649.983
345008.407
169846.433
314489.5
787677.252
-441894.282
741201.041
588607.627
53967.136
126749.007
86714.176
871252.526
884641.31
151217.593
-27039.499
716229.488
-522130.823
585654.3
-205229.623
538173.537
923969.827
761052.329
386146.939
-569081.687
711033.67
-370801.75
-281627.222
94630.606
-163218.084
-341915.917
-932955.452
-987913.76
253780.761
-814915.249
21207.144
347485.119
-308056.96
-189053.875
592428.674
812390.398
232853.34
-407113.267
-96552.933
558733.701
648090.22
350565.368
-463528.102
-930192.977
892437.874
-97944.318
771091.326
41614.552
678722.785
-628880.385
679917.379
709353.002
479541.466
573982.402
-504148.175
279688.438
-112837.571
-949652.236
419826.212
87790.304
-630284.054
-111063.758
-698966.153
766128.232
940347.49
91391.938
-574839.289
-759520.14
-523492.794
168295.316
-550287.827
-56419.651
380747.067
237434.467
-526851.637
60429.131
756983.842
-751370.079
155692.679
-246085.185
-60256.113
394316.117
117390.697
-194609.796
-226393.332
-217864.901
-239512.587
998866.791
237042.428
-359732.583
148192.254
529121.638
819143.707
-475437.306
-206698.702
504007.792
-182302.283
924835.77
747169.794
-175085.723
89310.942
35843.945
-319086.231
-498879.772
958025.915
481306.083
272063.708
289931.471
-378919.534
-171411.935
215504.199
-297761.76
-611472.141
76232.643
-407482.636
-834923.544
-755649.029
964823.471
-359653.78
-259021.293
546969.124
-263801.151
474317.823
575003.187
-160027.475
-390282.888
734500.166
636682.333
-651295.39
-288428.151
232480.267
-786921.295
-146624.584
653542.196
294081.713
148503.517
457932.364
-702678.189
-397385.164
46932.68
448361.98
935931.869
-200603.685
16917.247
287528.814
-462535.29
67712.881
824894.225
826034.911
876884.207
713984.909
-229583.433
-630981.305
248460.012
59623.293
479033.624
784308.402
-723285.799
-709830.789
-734881.841
541527.213
-386696.657
-253695.29
40363.927
-217280.926
-109604.224
418265.73
677182.454
-636030.602
-7690.065
-388686.866
-400597.217
990531.68
-633115.964
999075.677
-437768.796
159004.014
997200.53
-954439.061
-228694.297
239788.288
-883231.414
-945646.146
-745551.787
-738173.716
149790.662
-733894.213
-694990.733
-260774.05
104002.704
-718559.988
891268.1
991550.722
182001.497
-745930.127
-262723.705
-415427.875
669380.129
-30586.746
-25606.911
-194031.857
-438724.909
445600.176
149506.671
-169640.72
-260479.771
26773.624
-321119.894
487163.883
994182.847
791098.032
383276.145
571921.018
-71104.274
996886.552
89412.691
-122355.695
-196087.69
798480.973
834045.271
-806935.53
727207.466
693239.716
-324702.423
151316.909
-229571.902
887805.462
509418.326
417321.568
-154139.973
52606.672
-21939.375
-970205.314
-798739.576
-550437.894
59130.11
636740.55
242358.285
-349627.054
137792.674
71340.631
-64185.277
-727558.885
81374.853
964835.245
539409.805
669702.511
-902538.511
888701.953
83903.424
412353.471
437835.342
-535726.734
-576045.583
888002.869
474614.973
-734596.39
-616920.549
814251.893
-587918.537
601338.402
-732483.422
795384.656
-333931.548
-394786.598
-295518.098
851735.587
-563764.214
-74142.296
-89734.027
-237766.412
-58701.89
247174.627
-838815.224
516315.767
-877669.132
-785898.247
932314.846
419609.868
84043.689
286443.855
234349.18
-715913.746
690360.876
-412827.083
754356.015
349629.171
465143.911
349999.126
786501.396
990337.78
-503848.041
240575.879
-675537.459
-787604.41
287177.226
-624159.917
921544.642
-208157.628
579067.792
583096.599
-364348.816
-755753.553
717952.868
-80257.489
511899.337
81050.692
266434.172
526934.128
-258717.239
-814905.038
-825032.622
669828.851
398152.218
-180947.766
917256.161
-180948.744
510014.144
910282.699
-218973.08
852621.192
-426388.793
-444012.192
-139435.678
50692.006
793000.949
-741055.426
-192306.128
589739.454
984041.29
118467.504
-591995.412
526875.846
508861.354
-954343.073
-312080.714
-46693.288
228305.279
-441568.464
-751098.687
673162.593
-806951.328
731291.55
323680.025
-161740.273
56672.161
99984.021
878628.012
-672398.249
-897811.453
980234.587
736523.91
-755029.861
899923.133
620770.726
299237.872
-944533.722
-544995.163
-236107.501
-278834.097
607976.899
-319716.269
-872849.335
698449.044
-832194.362
-988697.475
696948.577
658246.767
-760687.094
794352.337
-312291.232
25270.759
942083.869
-379280.995
138326.204
863332.555
477127.733
622627.165
-973015.918
-16538.693
266354.528
704245.573
394197.176
180422.782
-532194.586
731661.187
198880.076
-280806.28
-466367.601
-291012.94
422077.336
-166683.787
602359.788
-897775.253
614844.098
161276.66
960282.714
-967794.081
-919928.323
838343.834
-53498.126
647945.226
-694542.038
761676.331
-210461.703
97846.04
497256.121
383591.773
-916254.517
462547.303
885584.892
-736158.271
-183796.949
620843.298
-184299.991
-272532.707
471277.603
370440.317
585349.047
62182.637
-603432.059
-557831.155
-899418.348
115725.453
-832865.336
817444.909
538772.636
90211.071
184640.61
-7151.622
424867.227
798378.273
-615974.097
655517.106
185864.081
-418556.439
-860198.784
-443402.979
-391550.992
-962340.58
753663.936
394487.223
945441.882
397840.494
451066.243
810999.137
-764322.459
481333.558
936143.954
266111.829
414533.824
-782398.212
131316.004
537731.96
-188773.584
449475.313
-32081.688
-222692.101
-850701.798
-508691.715
46632.923
598420.493
-517001.52
747430.368
172494.758
453680.265
209919.861
24321.709
-197333.456
913849.132
163254.506
741844.355
642710.589
-311475.437
355702.676
436434.808
-617351.731
80978.168
-9436.663
-360262.478
-146365.581
372512.239
-449730.511
-253347.942
-341371.941
428144.869
399830.179
460837.781
-93943.482
28773.616
-827252.889
631210.869
841342.491
-478186.443
-35471.726
-505411.142
863879.124
307395.807
-453861.94
849186.672
-368265.396
-130614.561
461387.996
217162.206
-365707.291
-139748.658
-811402.523
592932.64
628948.692
29245.042
-292733.66
884946.622
843707.383
769101.375
-711000.877
-565325.512
342047.148
-292350.584
-120102.761
-295092.717
-980070.077
121439.419
-805063.823
726278.137
-685954.589
-386239.594
196782.827
630573.995
667485.145
-787242.384
83708.589
-152529.957
836668.266
949649.452
575915.779
557663.194
23347.747
882981.23
-439313.363
247712.174
-977783.476
981166.453
-682713.784
-513414.641
-227554.69
-108160.691
-921881.652
891720.423
22452.944
557596.139
893566.303
-162832.411
-181252.016
-472704.35
203434.633
-828979.302
53318.271
688532.881
-983189.534
-977752.007
761009.665
-529480.249
-528074.532
-537042.563
-11964.923
858202.138
50313.255
962594.167
-706019.08
-787241.275
531201.36
316299.067
-132790.561
-499994.39
-508445.961
-651453.657
267072.603
85737.709
987073.621
-981047.52
-311511.364
-17235.242
606074.073
-449148.902
-133625.055
-764020.392
654655.847
-498540.031
888606.878
-476706.755
-422848.468
-880982.634
-37265.482
-183840.725
558842.857
895283.786
510168.542
-996000.242
-989234.745
-298672.117
-520439.053
141962.519
-694279.305
-690449.817
-303294.575
492313.804
-119637.826
804510.155
-606290.426
-32230.214
-932886.778
240512.592
272349.407
480728.032
-717129.175
553717.225
622637.314
501983.591
728108.126
-938469.385
915067.241
-259138.606
447721.489
-807927.133
-903003.054
713991.12
324271.32
676329.766
244577.14
760224.976
-520573.315
387636.048
-46820.888
-215009.764
722023.906
753765.904
-180217.425
-496249.012
-59610.53
624034.159
299468.534
852747.325
-220461.807
-90982.68
194891.586
217922.799
-320833.841
883733.805
977170.075
891728.399
105550.649
-289512.838
-944555.804
30631.749
-545768.083
-672426.09
326264.793
590832.065
-638679.195
148356.787
-366860.884
-626111.287
875018.491
645375.264
808472.102
409921.528
-768288.301
-232168.723
-421614.358
244944.743
994349.519
357071.591
-438176.374
-766947.516
739787.702
167988.62
-911752.641
628818.585
905575.075
576149.92
-839615.301
193998.163
137886.075
-991080.515
862812.637
394348.703
-638754.577
457401.789
386050.021
977953.664
295575.359
338822.592
298895.516
388685.641
718884.658
-997443.812
764035.998
-286454.98
-45974.791
-444520.617
140099.925
-373670.929
488364.338
859526.396
917433.178
491427.337
140917.265
630280.491
132777.41
-738097.1
485150.113
-244068.623
-869120.406
532448.698
-648728.378
377213.799
-220204.831
83669.984
523192.208
-810081.169
-236332.481
683172.627
-196037.337
-523421.872
-110800.465
-259955.866
821354.574
217147.63
-571050.104
343617.207
776021.598
-418545.959
-508629.657
54077.851
381984.242
-893462.841
-816736.54
582740.024
95593.29
-785730.99
-939536.437
833057.633
375792.828
-322962.75
-843176.616
-716338.3
-992550.566
-304016.711
871378.592
385270.461
603365.415
483414.592
-788959.403
843490.196
463883.947
457060.317
643128.115
-613804.734
458769.643
836662.859
-605317.977
-489305.115
563734.945
-592632.833
850054.518
-273089.284
-681459.284
761267.562
-236023.746
182439.826
-453099.563
84112.491
828490.532
-723314.938
962419.08
-114691.1
532272.889
-500481.953
-714104.683
975122.668
-691560.746
565439.004
508567.614
207082.171
-147274.205
18145.194
832552.439
257859.656
714134.59
330452.874
231161.338
-153635.893
-303612.552
245823.303
-763933.219
-237257.033
124392.018
-707918.216
273649.463
628066.143
269960.361
495063.973
-536780.798
575054.241
-338060.224
353021.428
345503.41
-570475.526
-188719.275
755722.688
-321985.526
-176559.002
24902.996
805405.854
-45872.49
155829.443
-125672.215
-431212.018
846939.276
-871590.446
550737.197
-873979.861
241871.901
528944.326
-894911.215
183821.523
-834446.296
13131.145
-656272.472
203212.545
-148294.005
852154.518
143541.353
-911120.068
-312636.183
387914.163
709998.664
58151.704
480300.874
115453.412
104495.226
523515.881
-728768.724
165199.15
-986558.745
977705.339
-558281.954
114936.422
411271.813
-67029.166
-675217.887
568427.226
596621.794
744085.755
-876761.41
769244.718
-956223.272
-160793.65
-843191.748
-317118.846
298295.711
512063.072
-663067.985
-110689.734
191585.483
-102928.732
-537150.903
-162766.186
916380.798
885017.022
-945827.958
-557622.717
-374493.019
-3695.228
-52912.631
-287096.174
45004.286
396684.581
-593068.332
93883.524
-752674.662
455362.359
714182.018
330469.559
388740.481
-54397.73
848804.269
-94828.868
-607181.865
-727559.951
-941964.127
-591409.19
-40517.261
-196655.951
863955.247
749497.734
-397611.264
818627.471
671742.782
-682003.478
64340.701
-882338.599
275579.01
-345813.99
-276453.334
-150089.409
-119492.709
497276.936
406148.312
-335249.102
-568402.572
780513.646
-837629.139
-41766.273
-573993.362
675241.852
-4801.602
-881720.627
463599.633
444037.211
761091.205
618755.958
499198.811
218664.865
-490730.668
-497315.263
899172.77
509862.052
230057.88
561509.993
-909081.622
667138.838
-854432.631
294945.57
-101875.836
585544.375
-172740.026
979325.382
-28508.446
-362829.729
-436223.412
-166675.509
-192007.052
303341.071
478507.873
-478210.366
537951.048
-878361.097
146475.876
459687.032
-73240.907
-986486.005
904939.06
726218.029
-186226.063
-718908.408
-479993.335
703128.989
948011.728
-234893.26
601290.543
681592.101
4581.119
-637685.424
-347980.74
-75951.804
424004.454
-423848.262
-858679.311
-102209.53
80178.956
-331628.877
-92037.279
422693.394
-802207.027
25779.527
590904.789
-908625.778
-4157.365
982124.218
-46537.168
-413801.718
427845.128
463201.827
-863111.947
144502.693
-702904.547
979195.663
-798428.354
-177599.775
-427429.861
675807.467
799928.302
909359.161
867340.8
-751206.394
710475.484
241238.918
542787.434
-221010.633
-662500.249
-770402.59
908763.351
153709.049
188592.434
-12829.214
429900.548
-58299.137
820493.972
824408.881
-236379.533
616404.361
-40365.259
65727.767
81755.751
-304991.876
633693.937
856695.03
59037.145
-240334.977
-594264.547
445981.007
782746.895
-873982.358
-402648.039
110906.797
-749105.72
-976332.742
349017.277
8181.854
761281.443
128392.443
708121.937
-418348.312
268561.649
174040.674
-855946.982
-443232.116
239663.314
10360.8
-837856.998
-708786.561
-901865.187
701186.165
424350.592
-186360.59
774828.253
608047.075
-488180.057
434144.791
835091.856
389979.821
844495.229
-222506.465
-93580.965
905287.478
-378711.752
227168.83
432623.72
-908373.801
-152137.801
-640640.189
-915151.049
-197562.395
-996584.792
-68859.084
864483.738
-339906.024
-998109.882
-418084.576
-103236.091
391368.041
-901467.133
340993.186
-112883.368
540994.673
309333.819
-700869.019
318978.825
106839.66
-553948.614
-845861.041
102240.242
692593.163
-211551.143
874413.091
-337641.746
-725074.15
-394900.506
243269.191
515531.081
-973182.829
-594549.193
-328997.994
-982138.302
-20056.923
-794204.856
20085.787
-24036.195
-583994.676
747728.726
477941.118
385637.242
751077.872
833086.904
190336.364
-515676.425
-781330.408
975530.351
730293.567
-559660.411
-874249.23
404296.305
-733631.728
734216.046
830518.027
-298240.082
-12201.356
-737648.958
-495676.488
-254800.977
-698000.139
527071.173
629168.322
90755.366
481908.059
-318301.349
-931873.826
703561.431
263942.826
937752.37
-498473.62
-262953.305
-515579.933
672849.984
-360837.287
467567.977
-301054.311
-316237.519
880667.208
-393215.438
-106331.394
694986.797
-814392.39
875819.027
505688.704
-195218.958
181191.251
-220561.843
288730.934
-790329.727
439916.378
-261462.454
-66517.217
-615999.437
-861773.647
-372369.184
-608252.894
932397.743
-22518.701
-387848.91
292005.202
999133.129
-575527.805
-206040.222
-369857.785
52530.933
685012.104
-721060.169
121420.26
718216.054
380503.868
541394.157
-745587.746
379487.594
-310923.628
496522.746
462076.035
91986.313
95809.397
-429514.335
547811.034
-918941.135
859782.728
-381198.008
-944562.996
-46773.864
181873.063
-456042.609
82932.316
447461.477
-339312.696
3512.961
-927105.936
536705.089
-612927.202
-410490.574
-495083.005
-622926.319
-727737.589
-426717.196
844329.007
62182.459
-88928.193
131993.148
-634174.873
-409436.951
278603.262
572382.243
301405.62
426902.497
-222483.289
52893.717
771059.997
-919234.412
754897.841
-289394.215
-605657.928
-680235.326
-240184.43
-161089.626
-890266.415
735220.368
-10777.072
-512715.669
-480768.916
-14186.619
628840.666
-783400.128
-781517.55
-725936.141
-450724.007
250571.196
865600.594
-565150.625
-948733.36
412995.702
-433188.443
-691237.245
-50752.38
448703.266
494232.297
-991829.389
133637.949
-569807.374
-599437.813
119950.662
-684569.221
790867.152
-113484.446
167245.389
386951.049
686128.128
712461.171
573949.283
-16103.64
-752601.941
-749187.408
-359536.307
383991.183
70382.217
426780.703
-376316.863
941653.73
528105.129
-914003.804
-759536.067
907447.072
-204688.654
916411.255
-965895.753
-701549.807
-681733.121
115353.465
708832.38
-794087.337
812173.165
-416277.238
-467634.222
-931070.084
44061.371
521202.162
-746468.925
441951.597
-623570.762
317888.29
892232.279
-374526.491
-814153.979
-80655.528
-758970.383
-564666.9
153433.258
549097.868
-84485.262
-585832.471
486802.815
175833.253
755660.721
308483.557
-547689.559
836202.493
-965325.632
304638.454
232961.237
663309.559
-418225.285
775194.524
-426296.025
-771631.785
476069.429
302656.419
-643155.046
660754.531
602503.587
230974.082
443833.329
321175.229
952717.997
964082.401
-472104.727
933702.543
474594.601
571457.03
679194.603
-371201.689
-167461.387
912333.919
-726111.713
213113.618
328942.793
957380.008
901091.728
-396880.086
473163.131
-212698.797
412975.412
-972983.64
-832004.396
296968.386
174380.576
-362913.756
89165.282
-416628.703
-302990.056
-903895.587
-668935.657
-649116.268
-506282.276
-987149.221
55924.112
-542958.8
-490581.754
-348856.649
362305.339
686502.973
-616988.114
-78103.169
-980575.974
646191.037
623830.347
-174384.962
895267.566
56184.556
-73537.824
-252862.053
287562.026
804482.011
501469.256
-468906.07
-784566.737
-205970.707
-347086.387
-584657.189
99184.969
-552824.377
123845.155
472584.734
949507.425
-902344.397
321895.209
317307.724
178105.257
432074.436
-872138.215
961209.145
257029.604
757230.456
-341162.186
-216692.706
-855300.044
-825125.604
-776149.489
-853970.028
453827.549
-718447.316
-311871.106
-277187.079
320623.083
-697991.413
161675.24
-760088.998
808106.286
93876.71
-278148.361
663611.893
943629.846
533440.806
-677273.492
-235703.814
680530.22
-362789.654
218782.45
-368577.095
244266.111
870745.213
-925427.562
70.429
706405.003
989767.705
-946504.8
-133562.663
-578156.384
729084.14
493991.218
404874.759
805546.98
-335209.368
719163.52
689557.628
-144529.721
-39152.191
936082.096
764441.592
203237.187
-230348.563
17091.389
-29034.707
-962204.461
176040.156
769637.451
-990118.394
373527.598
109621.555
-366675.272
-925959.626
776344.474
-319471.183
123526.39
823076.533
730643.447
-692844.134
-603827.051
-986475.515
240601.864
-415810.148
-178439.441
678420.057
-217763.458
911884.135
-532028.992
586114.649
-964782.249
900203.761
69900.393
-261533.702
821775.972
-524941.791
-741046.439
-692078.774
-250262.892
970900.659
-60158.763
-617702.554
166881.768
-892728.172
505101.286
135887.232
-223728.133
196656.327
629220.764
-25643.299
-906620.823
402149.622
-655808.31
932944.395
200419.011
143894.431
76918.723
-89098.827
-752042.797
378091.539
-895814.983
94901.846
-491006.672
-805267.135
-455100.271
646803.99
-919048.878
-804871.38
19873.515
77777.881
382503.446
214783.82
811762.046
-154447.778
408907.234
-632136.83
-689234.081
-987348.548
-599597.196
688351.611
-271474.669
-597554.752
-480445.105
-220328.313
848592.95
-443356.144
150494.851
329806.922
-182488.842
-999234.495
117398.716
-874229.521
375781.341
640627.252
9299.967
-1439.53
103314.269
-551673.938
434494.499
-229322.452
672010.663
-802775.46
601562.979
-363566.99
-310396.965
-444222.139
-580239.971
304805.716
-577545.489
-150578.024
262921.329
-205917.201
115823.339
-98401.405
728428.871
-299477.585
-513041.799
-307585.419
503836.548
973506.544
-225311.905
-411003.868
557511.314
826927.042
-105584.535
414884.849
172547.655
425396.582
74572.245
-948476.5
-286492.388
123407.083
862915.094
-948008.68
-137120.122
-39720.995
-590202.301
-57592.103
-462284.319
873498.875
576840.731
237012.796
-835426.269
-699094.611
-160885.728
-485518.683
-72682.057
-879143.901
531074.22
-593833.455
-904909.464
-417910.228
443478.821
-873143.224
721397.509
-757846.159
-33000.773
-901900.431
-506169.252
-458719.62
419476.464
446153.948
601114.691
271557.531
-940072.438
740926.381
135583.945
347562.287
477755.427
495438.261
312807.719
-349302.944
854963.085
100911.188
-204144.712
168642.16
511634.157
-989004.294
-379458.532
-713618.418
621296.32
-193974.841
-679781.317
-254437.669
851239.588
-352902.918
-985366.166
-312734.122
897007.619
-967093.318
-521836.568
-817880.587
-483103.655
-685000.78
-399080.717
-724941.902
-213611.831
-139823.875
-76532.963
15109.682
965229.523
-140204.172